1 0.934375 0.590625 0.0921875 0.0890625
1 0.940625 0.38046875 0.0765625 0.0390625
3 0.5390625 0.61796875 0.06015625 0.1328125
3 0.77578125 0.51328125 0.20078125 0.11640625
3 0.71640625 0.56015625 0.103125 0.06484375
1 0.87109375 0.47890625 0.0890625 0.06328125
1 0.45234375 0.65390625 0.125 0.059375
1 0.4515625 0.60078125 0.09921875 0.0453125
1 0.2171875 0.60546875 0.4046875 0.3171875
1 0.36796875 0.62578125 0.03984375 0.03359375
3 0.7640625 0.3265625 0.046875 0.0296875
3 0.43125 0.39296875 0.659375 0.45
3 0.30078125 0.09453125 0.47109375 0.18671875
3 0.11484375 0.29140625 0.228125 0.29609375
3 0.12421875 0.684375 0.2421875 0.43515625