0 0.6109375 0.33046875 0.05859375 0.14921875
0 0.525 0.35234375 0.0578125 0.146875
0 0.72109375 0.3703125 0.0796875 0.14453125
0 0.6515625 0.2921875 0.0453125 0.13203125
0 0.7640625 0.3734375 0.0328125 0.084375
0 0.70859375 0.31015625 0.06328125 0.12265625
0 0.2859375 0.6328125 0.1 0.1921875
0 0.35859375 0.33125 0.07734375 0.15
0 0.2671875 0.45390625 0.09609375 0.20859375
0 0.2484375 0.3203125 0.08203125 0.0640625
3 0.1703125 0.66953125 0.0953125 0.35
0 0.14921875 0.4890625 0.046875 0.10078125
3 0.7875 0.20703125 0.25859375 0.29921875